6 363
7 292
15 178
17 101
22 166
29 121
32 350
41 146
45 294
50 267
53 387
61 171
63 390
68 393
76 229
79 320
84 298
90 139
92 377
101 351
104 202
111 296
116 255
121 374
123 120
129 304
132 149
137 133
143 391
147 351
156 350
157 365
166 188
168 381
174 197
178 262
182 356
188 156
194 204
198 260
203 323
211 283
213 192
217 216
222 395
229 108
235 144
241 350
243 129
248 102
256 315
258 230
265 126
270 135
272 120
277 159
285 112
288 119
295 311
300 391
306 108
311 356
313 124
321 388
323 237
329 332
336 307
341 375
342 152
349 217
353 358
359 167
366 271
367 330
373 179
379 193
386 373
391 291
396 107
401 203
405 322
407 348
413 302
417 164
423 386
428 179
436 209
438 118
442 190
451 216
456 322
459 356
466 111
470 396
474 230
480 315
482 392
491 283
494 291
497 301
503 280
511 378
516 280
517 370
525 149
530 291
536 148
538 370
546 198
550 229
553 323
557 381
563 112
567 261
575 315
577 337
583 196
588 185
592 365
598 398
606 346
611 190
614 188
620 257
623 283
628 318
634 235
639 173
642 268
651 254
654 150
658 279
666 160
669 274
674 172
680 243
685 213
690 164
693 198
698 343
703 359
711 240
715 213
721 393
722 248
727 218
736 392
739 196
742 166
747 281
756 294
761 360
766 110
767 164
774 397
780 241
783 321
788 255
792 347
799 220
805 200
809 198
816 140
818 296
826 317
830 396
833 254
838 323
846 132
848 176
856 199
857 189
863 351
867 206
874 297
879 197
882 317
889 242
892 242
898 215
903 320
908 374
914 219
918 194
922 389
930 384
933 239
939 208
943 222
948 192
954 345
960 221
962 289
968 272
975 205
979 294
986 199
988 355
996 218
999 274
1006 371
1008 295
1012 385
1021 105
1022 122
1029 331
1034 192
1040 282
1042 167
1051 165
1053 143
1061 154
1063 280
1071 265
1072 263
1081 206
1086 351
1090 397
1095 209
1098 247
1102 253
1109 251
1115 334
1120 130
1124 188
1128 378
1136 259
1141 178
1145 297
1147 190
1154 135
1160 295
1164 103
1169 126
1176 347
1177 396
1184 156
1188 249
1194 280
1198 144
1206 179
1207 304
1214 310
1220 130
1224 378
1230 268
1235 221
1241 152
1242 108
1247 337
1255 156
1260 208
1266 232
1271 204
1272 341
1278 185
1282 375
1287 111
1295 124
1299 393
1306 366
1309 168
1314 377
1319 312
1323 102
1331 145
1332 234
1338 272
1345 314
1348 130
1355 328
1360 329
1364 310
1371 189
1376 186
1381 389
1384 148
1390 343
1394 381
1400 267
1404 208
1411 142
1413 217
1419 112
1422 394
1430 340
1436 363
1437 226
1444 261
1451 311
1452 254
1461 255
1466 109
1467 132
1472 106
1479 126
1485 264
1489 261
1493 135
1498 166
1503 121
1508 104
1515 327
1517 361
1524 302
1528 292
1534 225
1541 163
1542 298
1549 277
1555 147
1561 224
1564 371
1570 346
1576 363
1581 240
1583 222
1588 120
1595 179
1601 341
1605 306
1608 242
1612 333
1618 317
1626 153
1627 188
1636 397
1638 164
1644 102
1647 231
1655 278
1657 102
1666 320
1668 201
1672 208
1681 185
1685 380
1690 197
1696 233
1698 197
1704 209
1710 139
1712 302
1721 331
1725 370
1730 321
1732 186
1738 249
1744 150
1750 210
1752 249
1757 324
1765 223
1771 195
1774 239
1780 347
1783 230
1791 259
1792 242
1801 388
1803 305
1809 112
1815 337
1819 150
1822 316
1829 297
1835 208
1838 347
1845 398
1849 392
1852 387
1861 238
1864 326
1867 353
1873 239
1877 384
1884 355
1889 189
1893 362
1897 331
1902 204
1909 148
1912 153
1918 243
1923 190
1930 288
1933 176
1941 347
1943 175
1949 327
1953 294
1961 112
1965 360
1967 193
1976 144
1977 305
1985 304
1991 212
1995 101
1998 212
2005 244
2009 321
2013 179
2019 178
2022 222
2030 274
2035 369
2038 370
2045 243
2051 356
2054 240
2058 240
2064 267
2070 206
2075 360
2078 112
2085 371
2090 280
2096 254
2100 162
2103 116
2109 249
2116 326
2121 119
2124 334
2131 108
2132 341
2141 271
2146 253
2150 129
2153 347
2158 122
2164 127
2170 226
2175 313
2179 114
2185 276
2189 119
2192 134
2200 323
2205 218
2208 195
2215 284
2219 320
2224 147
2228 302
2233 195
2239 169
2242 279
2251 208
2254 183
2261 226
2265 137
2268 213
2275 140
2277 191
2285 172
2288 122
2296 356
2297 145
2306 396
2309 202
2315 376
2319 366
2326 219
2329 151
2332 348
2337 314
2346 280
2347 156
2352 268
2357 283
2362 238
2367 348
2372 351
2380 302
2383 144
2387 192
2392 380
2401 327
2403 337
2407 153
2416 361
2418 271
2426 199
2431 213
2433 279
2440 111
2446 353
2449 265
2456 104
2457 305
2466 276
2468 221
2472 311
2480 107
2482 231
2489 134
2492 232
2500 385
2503 336
2508 102
2515 299
2517 286
2525 124
2527 262
2536 322
2537 280
2545 268
2551 106
2552 254
2557 328
2566 278
2567 230
2574 371
2579 393
2584 118
2590 175
2595 212
2600 223
2604 268
2610 120
2614 256
2618 393
2624 106
2629 307
2634 217
2637 349
2646 301
2649 105
2652 347
2659 232
2666 249
2668 387
2674 373
2678 249
2683 299
2687 136
2692 274
2697 231
2703 182
2708 244
2715 378
2717 347
2726 325
2731 204
2733 155
2741 341
2743 296
2748 318
2756 243
2760 214
2763 141
2767 250
2776 281
2777 247
2783 225
2790 366
2792 184
2801 135
2802 370
2809 333
2814 176
2821 133
2823 308
2828 345
2832 223
2841 246
2846 311
2851 231
2855 235
2859 311
2866 121
2867 215
2875 295
2879 267
2884 143
2888 394
2894 231
2901 296
2905 131
2911 243
2913 353
2918 170
2925 190
2929 212
2932 331
2941 389
2944 105
2949 261
2955 160
2957 321
2962 333
2971 126
2976 394
2979 256
2986 268
2990 383
2992 192
2997 242
3006 158
3008 312
3016 182
3021 145
3024 211
3030 191
3036 387
3039 178
3043 379
3047 137
3052 231
3058 255
3065 344
3068 324
3075 344
3079 123
3083 225
3089 196
3093 290
3100 146
3106 200
3110 376
3113 353
3121 160
3126 362
3127 109
3136 194
3137 296
3145 155
3148 279
3154 391
3158 205
3163 238
3167 175
3173 143
3177 233
3183 110
3187 383
3193 367
3197 399
3203 397
3209 227
3216 377
3219 334
3225 349
3229 183
3233 168
3240 261
3243 242
3249 139
3256 158
3257 233
3265 186
3270 236
3274 116
3281 135
3285 348
3290 258
3294 339
3297 110
3303 358
3308 332
3312 187
3318 384
3322 182
3329 371
3336 100
3340 112
3342 124
3348 291
3356 240
3360 155
3362 294
3370 166
3376 157
3379 225
3386 127
3388 193
3392 355
3401 247
3402 357
3409 381
3412 374
3421 195
3426 398
3430 192
3436 118
3441 378
3444 264
3450 249
3456 326
3457 141
3463 183
3467 271
3472 168
3478 279
3482 341
3489 135
3493 358
3498 118
3504 322
3509 194
3514 161
3517 356
3522 269
3529 351
3534 179
3541 252
3542 330
3551 105
3553 298
3558 125
3564 249
3569 258
3576 343
3579 163
3584 191
3590 309
3592 381
3598 230
3603 370
3608 150
3615 225
3618 116
3625 130
3630 155
3634 161
3637 219
3642 344
3647 169
3654 359
3659 257
3666 141
3667 107
3675 384
3679 378
3685 319
3687 208
3693 383
3701 253
3702 101
3707 394
3716 192
3720 177
3724 296
3729 128
3735 131
3737 109
3744 157
3750 300
3755 307
3760 200
3763 358
3769 375
3775 289
3778 356
3782 188
3789 158
3792 216
3799 121
3803 382
3808 371
3813 139
3820 291
3823 150
3829 342
3836 121
3841 235
3845 155
3847 321
3856 391
3857 288
3863 280
3870 164
3872 233
3878 213
3886 287
3890 282
3892 217
3901 279
3905 316
3911 276
3916 367
3917 368
3924 379
3927 172
3932 271
3940 202
3944 358
3950 252
3952 352
3958 111
3962 149
3971 322
3973 170
3980 238
3984 126
3990 127
3993 283
3999 168
4002 338
4008 232
4014 252
4019 365
4024 254
4030 106
4034 234
4037 202
4043 363
4047 254
4052 277
4060 224
4063 212
4067 348
4076 299
4081 309
4085 361
4091 151
4093 180
4098 128
4106 285
4111 297
4116 204
4121 106
4123 175
4131 304
4135 306
4137 359
4144 332
4148 165
4153 128
4157 173
4166 219
4167 204
4176 292
4181 338
4182 319
4187 248
4193 234
4198 346
4202 167
4207 365
4216 331
4220 195
4224 284
4229 146
4236 338
4237 302
4245 395
4249 110
4255 343
4261 116
4263 184
4267 141
4274 223
4279 332
4286 237
4287 368
4292 326
4299 135
4304 128
4310 174
4316 353
4321 228
4322 239
4331 236
4332 291
4339 148
4343 273
4348 397
4353 228
4360 391
4363 331
4369 238
4373 226
4378 119
4382 108
4388 377
4392 326
4400 310
4406 148
4411 352
4415 156
4421 366
4422 294
4430 378
4436 397
4437 193
4445 132
4450 289
4452 309
4459 165
4466 257
4468 331
4475 299
4481 354
4483 144
4487 338
4493 111
4498 182
4502 124
4510 381
4513 181
4520 153
4526 209
4531 123
4532 354
4538 388
4543 334
4548 347
4555 265
4561 285
4563 312
4570 162
4576 232
4578 281
4586 356
4589 329
4596 140
4599 302
4602 128
4609 321
4613 166
4617 246
4622 333
4627 286
4636 199
4640 159
4645 100
4649 386
4652 117
4660 141
4664 234
4669 162
4676 157
4679 229
4684 290
4690 272
4695 215
4700 108
4704 315
4708 298
4712 223
4720 229
4723 283
4730 107
4735 188
4741 326
4746 171
4747 353
4754 353
4757 117
4766 336
4771 303
4776 359
4779 304
4785 363
4788 393
4795 265
4797 309
4803 391
4811 153
4812 117
4817 205
4826 121
4831 120
4836 293
4839 322
4842 131
4847 386
4852 241
4861 317
4865 145
4867 342
4875 186
4881 111
4883 220
4891 360
4892 196
4899 129
4903 224
4910 244
4915 290
4918 300
4923 395
4929 364
4935 228
4941 393
4943 296
4951 184
4954 291
4958 263
4965 364
4969 352
4973 289
4977 382
4985 234
4987 183
4992 396
4998 398
